%YAML:1.0
---
FPS: 8.2817584093541941e-01
