%YAML:1.0
---
FPS: 1.6937665830909573e-01
