%YAML:1.0
---
FPS: 2.0734695222731041e+00
