%YAML:1.0
---
FPS: 2.6373663963258127e+00
