%YAML:1.0
---
FPS: 2.1732197625348317e+00
